OAs for each iteration are:[0.7824535257667268, 0.7615303161032237, 0.7557455486704839, 0.7754333673229273, 0.7702564907051533]
AAs for each iteration are:[np.float64(0.40724889537406667), np.float64(0.38505294001479073), np.float64(0.36397675360693643), np.float64(0.4002945861137699), np.float64(0.3807363268608212)]
KAPPAs for each iteration are:[0.7040512921828568, 0.6750741104564211, 0.6634168104109395, 0.6953351183480356, 0.6870442280341411]

mean_OA ㊣ std_OA is: 0.7690838497137029 ㊣ 0.009543645459169735
mean_AA ㊣ std_AA is: 0.387461900394077 ㊣ 0.015223610230114846
mean_KAPPA ㊣ std_KAPPA is: 0.6849843118864788 ㊣ 0.014410422608960378

Total average Training time is: 0.28538498878479
Total average Testing time is: 0.01602511405944824

Mean of all elements accuracy: [0.9650591  0.         0.82193667 0.60230681 0.91879723 0.
 0.         0.95398111 0.         0.         0.        ]
Standard deviation of all elements accuracy: [0.00576386 0.         0.02503044 0.13301717 0.05663555 0.
 0.         0.02555752 0.         0.         0.        ]
Mean of confusion matrix: 
[2.13114e+04 0.00000e+00 5.84000e+02 1.40000e+00 1.36800e+02 0.00000e+00
 0.00000e+00 4.94000e+01 0.00000e+00 0.00000e+00 0.00000e+00]
[3.9460e+02 0.0000e+00 3.6288e+03 3.6000e+00 7.0000e+00 0.0000e+00
 0.0000e+00 2.2000e+01 0.0000e+00 0.0000e+00 0.0000e+00]
[ 823.4    0.  5373.   100.   186.4    0.     0.    54.2    0.     0.
    0. ]
[   4.4    0.   515.4 1044.4   56.8    0.     0.   113.     0.     0.
    0. ]
[  75.4    0.   146.2   27.2 5836.2    0.     0.   267.     0.     0.
    0. ]
[289.2   0.    1.6   0.   79.6   0.    0.   71.6   0.    0.    0. ]
[999.4   0.   11.6   0.  432.4   0.    0.  677.6   0.    0.    0. ]
[6.9200e+01 0.0000e+00 3.5000e+01 3.6000e+00 1.6500e+02 0.0000e+00
 0.0000e+00 5.6552e+03 0.0000e+00 0.0000e+00 0.0000e+00]
[ 45.4   0.  499.  361.4 230.8   0.    0.  178.4   0.    0.    0. ]
[ 6.   0.  71.8  0.4 89.   0.   0.   5.8  0.   0.   0. ]
[ 13.2   0.  241.8   0.    0.    0.    0.    0.    0.    0.    0. ]
########################################################################################################

OAs for each iteration are:[0.7891403247313514, 0.7842379794493686, 0.7693152404110126, 0.7933955604361126, 0.7923562632363322]
AAs for each iteration are:[np.float64(0.6547324412281483), np.float64(0.6672405325026083), np.float64(0.641719428202931), np.float64(0.6738844732600845), np.float64(0.6645908196186066)]
KAPPAs for each iteration are:[0.7269255397600476, 0.7216454154886489, 0.7022658128758874, 0.7328930740434264, 0.7312109404915219]

mean_OA ㊣ std_OA is: 0.7856890736528355 ㊣ 0.00878590438040875
mean_AA ㊣ std_AA is: 0.6604335389624758 ㊣ 0.011200591358358655
mean_KAPPA ㊣ std_KAPPA is: 0.7229881565319064 ㊣ 0.011067457104043114

Total average Training time is: 17.81504168510437
Total average Testing time is: 0.018664741516113283

Mean of all elements accuracy: [0.87589549 0.54092702 0.71476212 0.85951557 0.78441436 0.71085973
 0.69495521 0.81403509 0.42996198 0.0982659  0.74117647]
Standard deviation of all elements accuracy: [0.00867173 0.02783224 0.01406994 0.02709784 0.02745559 0.03175168
 0.02663233 0.01735291 0.02576859 0.04432437 0.07600158]
Mean of confusion matrix: 
[1.93424e+04 9.09400e+02 1.36800e+02 2.48000e+01 1.03800e+02 2.76000e+01
 1.48740e+03 2.64000e+01 1.52000e+01 9.20000e+00 0.00000e+00]
[ 265.4 2194.    56.6   40.2   59.2   19.  1237.2   29.6  117.6   24.
   13.2]
[3.2000e+02 1.2046e+03 4.6724e+03 2.5200e+01 1.3880e+02 9.0000e+00
 1.0360e+02 2.2000e+00 3.8200e+01 4.8000e+00 1.8200e+01]
[3.1600e+01 1.4040e+02 8.0000e-01 1.4904e+03 7.6000e+00 8.0000e-01
 0.0000e+00 0.0000e+00 6.2400e+01 0.0000e+00 0.0000e+00]
[1.4360e+02 5.2800e+02 9.3600e+01 4.5800e+01 4.9826e+03 2.0000e-01
 4.6280e+02 4.0000e-01 6.8800e+01 2.6200e+01 0.0000e+00]
[ 70.8  33.8  23.2   0.    0.  314.2   0.    0.    0.    0.    0. ]
[1.132e+02 1.680e+02 2.040e+01 1.400e+00 3.500e+01 1.186e+02 1.474e+03
 1.784e+02 1.200e+01 0.000e+00 0.000e+00]
[6.6200e+01 6.6200e+01 3.4000e+00 0.0000e+00 4.2000e+00 1.6000e+00
 9.4000e+02 4.8256e+03 2.0800e+01 0.0000e+00 0.0000e+00]
[ 44.6 279.6  67.6 126.4  98.8   0.  108.6  19.2 565.4   4.8   0. ]
[ 5.6 43.4  9.6  3.6 68.   0.  18.8  0.   7.  17.   0. ]
[  3.6  38.6  21.8   0.    0.    0.    2.    0.    0.    0.  189. ]
########################################################################################################

Mean of all GZSL accuracies: [0.81213325 0.59381577 0.68588997 0.6698763  0.61794112 0.64271932]
Standard deviation of all GZSL accuracies: [0.00942566 0.01635563 0.01188641 0.01317217 0.01430148 0.01010645]
########################################################################################################

