OAs for each iteration are:[0.5601962158374212, 0.5116327960756832, 0.530343377715487, 0.5674141555711283, 0.5672740014015417]
AAs for each iteration are:[np.float64(0.5148302052615485), np.float64(0.45096117954607196), np.float64(0.47536479415238614), np.float64(0.5071705054563487), np.float64(0.4983250126583758)]
KAPPAs for each iteration are:[0.522522548027063, 0.46935535517514115, 0.4901463992390511, 0.5305840981934182, 0.5293824587357224]

mean_OA ˇŔ std_OA is: 0.5473721093202524 ˇŔ 0.022492233528761868
mean_AA ˇŔ std_AA is: 0.4893303394149463 ˇŔ 0.02330943033563643
mean_KAPPA ˇŔ std_KAPPA is: 0.5083981718740791 ˇŔ 0.02445208524260246

Total average Training time is: 4.4444098472595215
Total average Testing time is: 0.29915766716003417

Mean of all elements accuracy: [0.91380471 0.55264484 0.61812689 0.         0.98337574 0.00194805
 0.87009967 0.78848434 0.77291842 0.26506438 0.62659847 0.
 0.20494382 0.         0.74194577]
Standard deviation of all elements accuracy: [0.06005785 0.10084015 0.37672807 0.         0.01105366 0.0038961
 0.01807962 0.03840655 0.0397912  0.24230189 0.02789691 0.
 0.18357446 0.         0.20355126]
Mean of confusion matrix: 
[1085.6   48.2    0.     0.     0.     0.    33.8   20.4    0.     0.
    0.     0.     0.     0.     0. ]
[442.2 658.2   2.4   0.    0.8   0.   60.8  25.2   1.4   0.    0.    0.
   0.    0.    0. ]
[0.000e+00 0.000e+00 4.092e+02 0.000e+00 4.000e-01 0.000e+00 4.000e+00
 0.000e+00 4.000e-01 1.394e+02 1.072e+02 0.000e+00 0.000e+00 0.000e+00
 1.400e+00]
[2.334e+02 6.730e+02 0.000e+00 0.000e+00 0.000e+00 0.000e+00 2.454e+02
 1.520e+01 1.380e+01 0.000e+00 0.000e+00 0.000e+00 0.000e+00 0.000e+00
 2.000e-01]
[0.0000e+00 0.0000e+00 6.0000e-01 0.0000e+00 1.1594e+03 0.0000e+00
 3.6000e+00 4.0000e-01 6.8000e+00 3.4000e+00 0.0000e+00 0.0000e+00
 0.0000e+00 0.0000e+00 4.8000e+00]
[ 10.6  19.6   6.6   0.    0.    0.6  39.8   5.4   7.   37.  181.2   0.
   0.2   0.    0. ]
[   3.8   66.2   26.4    0.     0.     0.  1047.6   13.4   14.8   20.6
    8.     0.     0.     0.     3.2]
[  6.4   0.   24.6   0.   11.    0.   56.4 931.2  37.   57.6  25.6   0.
   2.    0.   29.2]
[  1.2  25.6  11.2   0.   27.6   0.   72.8   0.  919.   62.4  33.8   0.
  13.8   0.   21.6]
[  0.    0.  104.8   0.   19.8   0.    0.  108.8 287.4 308.8 325.4   0.
   9.4   0.    0.6]
[  0.    0.   87.6   0.    0.    0.  163.6  22.8  25.8 125.2 735.    0.
  13.    0.    0. ]
[  0.    0.    6.6   0.   48.6   0.    0.  309.4 148.  105.8 542.    0.
  10.6   0.    0. ]
[  0.    0.    9.2   0.    0.    0.    2.8   3.2  20.6 124.6 193.4   0.
  91.2   0.    0. ]
[  0.    5.4   0.    0.    8.2   0.   44.8   0.  324.4   7.2  10.    0.
   0.    0.    6. ]
[4.000e-01 6.800e+00 0.000e+00 0.000e+00 1.358e+02 0.000e+00 8.000e-01
 3.000e+00 1.160e+01 2.400e+00 1.000e+00 0.000e+00 0.000e+00 0.000e+00
 4.652e+02]
########################################################################################################

OAs for each iteration are:[0.8040644709180098, 0.80770847932726, 0.8014015416958654, 0.7714085494043448, 0.7913805185704275]
AAs for each iteration are:[np.float64(0.8287483846500686), np.float64(0.8386306747945228), np.float64(0.8323267352252013), np.float64(0.806351158106318), np.float64(0.8218445462924963)]
KAPPAs for each iteration are:[0.7883134620259619, 0.7923574605720571, 0.7856364634500268, 0.7534692842006437, 0.7748928239841717]

mean_OA ˇŔ std_OA is: 0.7951927119831815 ˇŔ 0.01306997561897264
mean_AA ˇŔ std_AA is: 0.8255802998137215 ˇŔ 0.01104155047632205
mean_KAPPA ˇŔ std_KAPPA is: 0.7789338988465723 ˇŔ 0.01398477366428723

Total average Training time is: 171.73275151252747
Total average Testing time is: 0.2713526725769043

Mean of all elements accuracy: [0.94141414 0.91553317 0.981571   0.8514818  0.96047498 0.93181818
 0.62956811 0.78628281 0.6842725  0.97476395 0.86632566 0.
 0.88988764 0.99359606 0.97671451]
Standard deviation of all elements accuracy: [0.02660039 0.00827111 0.00552135 0.06245384 0.03490779 0.05129459
 0.02677461 0.04621867 0.02178025 0.01100053 0.03024879 0.
 0.02704109 0.01040331 0.02043958]
Mean of confusion matrix: 
[1.1184e+03 1.7400e+01 0.0000e+00 3.4000e+01 0.0000e+00 1.5400e+01
 2.0000e-01 0.0000e+00 0.0000e+00 0.0000e+00 2.6000e+00 0.0000e+00
 0.0000e+00 0.0000e+00 0.0000e+00]
[1.0000e+01 1.0904e+03 0.0000e+00 5.7600e+01 0.0000e+00 1.2200e+01
 2.0000e-01 2.0000e-01 2.0400e+01 0.0000e+00 0.0000e+00 0.0000e+00
 0.0000e+00 0.0000e+00 0.0000e+00]
[  0.    0.  649.8   0.    0.    0.    0.    0.    0.    0.    0.    0.
   0.    0.   12.2]
[   0.    66.2    0.  1005.6    9.4   73.2   17.8    1.6    1.8    0.
    0.     3.     2.4    0.     0. ]
[   0.     0.     0.    33.8 1132.4    0.     0.     4.     0.     8.8
    0.     0.     0.     0.     0. ]
[  7.    0.    0.    7.8   0.  287.    5.    1.2   0.    0.    0.    0.
   0.    0.    0. ]
[0.000e+00 1.000e+00 0.000e+00 3.872e+02 1.420e+01 1.800e+01 7.580e+02
 1.360e+01 4.200e+00 7.600e+00 2.000e-01 0.000e+00 0.000e+00 0.000e+00
 0.000e+00]
[  0.    0.    0.  138.   52.6   8.4   5.  928.6   0.   38.4   0.   10.
   0.    0.    0. ]
[  0.    4.2   0.  188.6  84.4  68.    4.8   2.8 813.6  22.6   0.    0.
   0.    0.    0. ]
[   0.     3.2    0.     3.2    0.     0.     0.    17.2    5.8 1135.6
    0.     0.     0.     0.     0. ]
[   0.     7.8    0.    24.8    4.    26.6    0.     2.2   13.6   77.8
 1016.2    0.     0.     0.     0. ]
[  0.    0.    0.  857.4  27.6 107.    0.   94.4   4.2  14.2   0.    0.
  66.2   0.    0. ]
[  0.    5.4   0.   27.8   6.2   1.4   0.    4.2   0.    4.    0.    0.
 396.    0.    0. ]
[0.000e+00 0.000e+00 0.000e+00 2.000e-01 0.000e+00 0.000e+00 0.000e+00
 2.400e+00 0.000e+00 0.000e+00 0.000e+00 0.000e+00 0.000e+00 4.034e+02
 0.000e+00]
[0.000e+00 1.600e+00 1.160e+01 1.000e+00 0.000e+00 4.000e-01 0.000e+00
 0.000e+00 0.000e+00 0.000e+00 0.000e+00 0.000e+00 0.000e+00 0.000e+00
 6.124e+02]
########################################################################################################

Mean of all GZSL accuracies: [0.86774627 0.42755102 0.57231006 0.88709405 0.4257409  0.57477941]
Standard deviation of all GZSL accuracies: [0.01008856 0.03135969 0.03076859 0.00866881 0.03122692 0.03074015]
########################################################################################################

